0.000000
0.000000
0.000000
0.000000
0.000000
0.000000
0.000000
0.000000
0.000000
0.000000
0.000000
0.000000
0.000000
0.000000
0.000000
0.000000
0.000000
0.000000
0.000000
0.000000
0.000000
0.000000
0.000000
0.000000
0.000000
0.000000
0.000000
0.000000
0.000000
0.000000
0.027075
0.000000
0.000676
0.054730
0.000000
0.000000
0.001367
0.000000
0.000000
0.000000
0.000000
0.000000
0.027043
0.000000
0.000000
0.000000
0.000000
0.000000
0.000000
0.000000
0.000016
0.000000
0.000000
0.000000
0.000016
0.000000
0.000000
0.000000
0.000000
0.000000
0.027703
0.000000
0.000016
0.081805
0.000000
0.000000
0.000000
0.000000
0.000000
0.000000
0.000000
0.028378
0.000000
0.000000
0.000000
0.000000
0.000016
0.027027
0.000692
0.000676
0.000000
0.000016
0.000000
0.000000
0.000000
0.000000
0.000000
0.054054
0.000000
0.000000
0.000676
0.027027
0.000000
0.000000
0.000000
0.000000
0.000000
0.000000
0.000000
0.000000
0.000000
0.000000
0.000000
0.000676
0.000676
0.000000
0.000000
0.027703
0.027027
0.000000
0.000000
0.000000
0.000000
0.000676
0.000000
0.027043
0.000000
0.000000
0.000016
0.000000
0.000000
0.000000
0.000016
0.000676
0.000000
0.000000
0.000691
0.000000
0.000000
0.000000
0.000000
0.000000
0.000000
0.000000
0.000000
0.000000
0.000000
0.000000
0.000000
0.000000
0.000000
0.000000
0.000000
0.000000
0.000000
0.000000
0.027027
0.000000
0.000000
0.000000
0.000691
0.000000
0.000000
0.000000
0.000723
0.000000
0.000000
0.000000
0.000000
0.000000
0.000000
0.000000
0.000676
0.000000
0.027043
0.000000
0.000000
0.000000
0.000692
0.000000
0.000000
0.000000
0.000000
0.000000
0.027027
0.000000
0.000000
0.027027
0.000000
0.000000
0.000000
0.000000
0.000000
0.000000
0.001352
0.000000
0.000000
0.000000
0.000000
0.000000
0.000016
0.000692
0.027027
0.000016
0.000000
0.000000
0.000000
0.000000
0.000676
0.000000
0.000000
0.000000
0.000000
0.000000
0.000000
0.000000
0.000676
0.000000
0.000016
0.000676
0.000676
0.054761
0.000000
0.000000
0.000676
0.055405
0.000000
0.027027
0.000032
0.054054
0.000000
0.000000
0.000016
0.027719
0.000000
0.000000
0.000000
0.027043
0.000000
0.027703
0.000000
0.027027
0.000000
0.000000
0.000000
0.000000
0.000000
0.081789
0.000000
0.000000
0.000016
0.000000
0.000016
0.000016
0.000000
0.000676
0.000000
0.027718
0.000676
0.027719
0.000000
0.000000
0.000691
0.000000
0.000000
