0.000000
0.000000
0.000000
0.000000
0.000000
0.000000
0.000000
0.000000
0.000000
0.000000
0.000000
0.000000
0.000000
0.000000
0.000000
0.000000
0.000000
0.000000
0.000000
0.000000
0.000000
0.000000
0.000000
0.000000
0.000000
0.000000
0.000000
0.000000
0.000000
0.000000
0.001757
0.000000
0.025000
0.025012
0.000000
0.000000
0.050582
0.000000
0.000000
0.000013
0.000000
0.000000
0.000581
0.000000
0.000000
0.000000
0.000000
0.000000
0.000000
0.000000
0.000581
0.000000
0.000000
0.000000
0.000582
0.000000
0.000000
0.000000
0.000012
0.000000
0.025025
0.000000
0.000581
0.026782
0.000000
0.000000
0.000000
0.000000
0.000000
0.000000
0.000000
0.050000
0.000000
0.000000
0.000000
0.000000
0.000594
0.000000
0.025594
0.025000
0.000013
0.000581
0.000000
0.000000
0.000000
0.000000
0.000012
0.000012
0.000000
0.000000
0.025000
0.000001
0.000000
0.000000
0.000000
0.000000
0.000000
0.000000
0.000000
0.000000
0.000000
0.000000
0.000000
0.025000
0.025012
0.000000
0.000000
0.025012
0.000000
0.000000
0.000000
0.000000
0.000012
0.025000
0.000000
0.000594
0.000000
0.000000
0.000582
0.000000
0.000000
0.000000
0.000594
0.025000
0.000000
0.000000
0.025581
0.000000
0.000000
0.000000
0.000000
0.000000
0.000000
0.000000
0.000000
0.000000
0.000000
0.000000
0.000000
0.000000
0.000000
0.000000
0.000000
0.000000
0.000000
0.000000
0.000012
0.000000
0.000000
0.000000
0.025581
0.000000
0.000000
0.000000
0.026744
0.000000
0.000000
0.000000
0.000000
0.000000
0.000000
0.000000
0.025000
0.000000
0.000581
0.000000
0.000000
0.000000
0.025594
0.000000
0.000000
0.000012
0.000000
0.000000
0.000000
0.000000
0.000000
0.000013
0.000000
0.000000
0.000000
0.000000
0.000000
0.000000
0.050025
0.000000
0.000000
0.000000
0.000000
0.000000
0.000594
0.025594
0.000000
0.000594
0.000000
0.000012
0.000000
0.000000
0.025000
0.000000
0.000012
0.000000
0.000000
0.000000
0.000000
0.000000
0.025013
0.000000
0.000581
0.025012
0.025000
0.026175
0.000013
0.000000
0.025013
0.050001
0.000000
0.000000
0.001176
0.000000
0.000000
0.000000
0.000581
0.025619
0.000000
0.000000
0.000000
0.000581
0.000000
0.025000
0.000000
0.000000
0.000000
0.000000
0.000000
0.000000
0.000000
0.026176
0.000000
0.000000
0.000581
0.000000
0.000581
0.000582
0.000012
0.025012
0.000000
0.025582
0.025013
0.025594
0.000000
0.000000
0.025582
0.000000
0.000000
