0.000000
0.000000
0.000000
0.000000
0.000000
0.000000
0.000000
0.000000
0.000000
0.000000
0.000000
0.000000
0.000000
0.000000
0.000000
0.000000
0.000000
0.000000
0.000000
0.000000
0.000000
0.000000
0.000000
0.000000
0.000000
0.000000
0.000000
0.000000
0.000000
0.000000
0.021283
0.000000
0.000408
0.021290
0.000000
0.000000
0.000401
0.000000
0.000401
0.021685
0.000000
0.000000
0.000000
0.000000
0.000000
0.000000
0.000000
0.000000
0.000000
0.000000
0.000000
0.000000
0.000000
0.000000
0.000803
0.000000
0.000000
0.000000
0.021283
0.000000
0.042955
0.000000
0.000014
0.064252
0.000000
0.000000
0.000000
0.000000
0.000000
0.000000
0.000000
0.000810
0.000000
0.000000
0.000000
0.000000
0.021277
0.000000
0.021277
0.000007
0.022079
0.000007
0.000000
0.000000
0.000000
0.000000
0.021283
0.021277
0.000000
0.000000
0.000007
0.001211
0.000401
0.000000
0.000000
0.000007
0.000000
0.000000
0.000000
0.000000
0.000000
0.000000
0.000000
0.000810
0.021277
0.000000
0.000000
0.021283
0.000000
0.000000
0.000000
0.000000
0.021290
0.000408
0.000401
0.021685
0.000000
0.000000
0.000401
0.000000
0.000000
0.000000
0.021277
0.000401
0.000000
0.000000
0.000007
0.000000
0.000000
0.000000
0.000000
0.000000
0.000000
0.000000
0.000000
0.000000
0.000000
0.000000
0.000000
0.000000
0.000000
0.000000
0.000000
0.000000
0.000000
0.000000
0.021277
0.000000
0.000000
0.000000
0.000014
0.000000
0.000000
0.000000
0.000402
0.000000
0.000000
0.000000
0.000000
0.000000
0.000000
0.000000
0.000408
0.000401
0.000007
0.000000
0.000000
0.000000
0.021685
0.000000
0.000000
0.021283
0.000000
0.000000
0.000000
0.000000
0.000000
0.021685
0.000000
0.000000
0.000000
0.000000
0.000000
0.000000
0.042955
0.000000
0.000000
0.000000
0.000000
0.000000
0.021290
0.021685
0.000014
0.021277
0.000000
0.021277
0.000000
0.000000
0.000007
0.000000
0.021284
0.000402
0.000000
0.000000
0.000000
0.000000
0.022080
0.000000
0.000000
0.021283
0.000007
0.021685
0.022080
0.000000
0.021685
0.001211
0.000007
0.000007
0.022079
0.000000
0.000408
0.000000
0.000000
0.063844
0.000000
0.000401
0.000000
0.000000
0.000000
0.000020
0.000000
0.000000
0.000000
0.000000
0.000000
0.000000
0.000000
0.022086
0.000000
0.000000
0.000007
0.000000
0.000000
0.000803
0.021277
0.021290
0.000401
0.000408
0.021685
0.021685
0.000000
0.000000
0.000401
0.000000
0.000000
