0.000000
0.000000
0.000000
0.000000
0.000000
0.000000
0.000000
0.000000
0.000000
0.000000
0.000000
0.000000
0.000000
0.000000
0.000000
0.000000
0.000000
0.000000
0.000027
0.000000
0.000000
0.000000
0.000000
0.000000
0.000000
0.000000
0.000000
0.000000
0.000000
0.000000
0.025587
0.000000
0.012766
0.012902
0.000000
0.006369
0.012793
0.000000
0.006370
0.012848
0.000000
0.000000
0.000000
0.000000
0.000000
0.000000
0.000000
0.000000
0.006397
0.000000
0.006424
0.000000
0.000027
0.000027
0.019163
0.000000
0.006369
0.000000
0.000082
0.000000
0.019190
0.000027
0.000054
0.063940
0.000000
0.000000
0.000000
0.000000
0.000000
0.000000
0.000000
0.012793
0.000000
0.000000
0.000054
0.000000
0.000027
0.006370
0.006451
0.006397
0.025532
0.006451
0.000000
0.000000
0.000000
0.000054
0.000027
0.000027
0.000000
0.012793
0.006451
0.019136
0.006424
0.006369
0.000000
0.000054
0.000000
0.000000
0.000000
0.000000
0.000000
0.000000
0.000000
0.012793
0.006397
0.000000
0.000000
0.006478
0.006397
0.000000
0.000000
0.000027
0.000081
0.019163
0.006369
0.006478
0.000000
0.000000
0.006397
0.000000
0.000027
0.000000
0.012821
0.006397
0.000054
0.000000
0.006451
0.006397
0.000000
0.000000
0.000000
0.000000
0.000000
0.000000
0.000000
0.000000
0.000000
0.000000
0.000000
0.000000
0.000000
0.000000
0.000000
0.000000
0.000000
0.000000
0.019190
0.000000
0.000000
0.000000
0.012875
0.000000
0.000000
0.000000
0.025614
0.000000
0.000000
0.000000
0.006397
0.000000
0.000000
0.000027
0.019163
0.006424
0.000082
0.000000
0.000000
0.000000
0.006451
0.000027
0.000000
0.000027
0.000027
0.000000
0.000027
0.000000
0.000000
0.019244
0.000000
0.000000
0.000000
0.000000
0.000000
0.000000
0.012848
0.000000
0.006369
0.000000
0.000000
0.006397
0.025587
0.019271
0.000081
0.006397
0.006369
0.000054
0.000027
0.000000
0.012793
0.000027
0.006397
0.006424
0.000000
0.000000
0.000000
0.000000
0.019190
0.000000
0.000000
0.006451
0.006424
0.012875
0.025559
0.000000
0.006397
0.025587
0.000027
0.006397
0.019217
0.000082
0.019163
0.000000
0.000054
0.031983
0.000000
0.006369
0.012766
0.006370
0.000000
0.019244
0.000000
0.000000
0.000027
0.000000
0.000000
0.000000
0.000000
0.038299
0.000000
0.000000
0.006451
0.006369
0.000027
0.012766
0.006397
0.006478
0.006369
0.012793
0.006424
0.006424
0.000000
0.000000
0.006397
0.000027
0.006397
