0.000000
0.000000
0.000000
0.000000
0.000000
0.000000
0.000000
0.000000
0.000000
0.000000
0.000000
0.000000
0.000000
0.000000
0.000000
0.000000
0.000000
0.000000
0.000090
0.000000
0.000000
0.000000
0.000000
0.000000
0.000000
0.000000
0.000000
0.000000
0.000000
0.000000
0.010821
0.000000
0.021368
0.010910
0.000000
0.000001
0.000181
0.000000
0.000001
0.010820
0.000000
0.000000
0.000000
0.000000
0.000000
0.000000
0.000000
0.000000
0.000001
0.000000
0.010639
0.000000
0.000000
0.000090
0.021278
0.000000
0.000001
0.000000
0.032005
0.000000
0.021549
0.000000
0.000180
0.074925
0.000000
0.000000
0.000000
0.000000
0.000000
0.000000
0.000000
0.000181
0.000000
0.000000
0.000000
0.000000
0.031915
0.010639
0.010819
0.000091
0.021279
0.000181
0.010638
0.000000
0.000000
0.000000
0.010728
0.010638
0.000000
0.010639
0.000271
0.000092
0.000001
0.000001
0.000000
0.000090
0.000000
0.000000
0.000000
0.000000
0.000000
0.000000
0.000000
0.000091
0.010729
0.000000
0.000000
0.010819
0.000001
0.000000
0.000000
0.000000
0.010819
0.000092
0.010639
0.010819
0.000000
0.000000
0.000091
0.000000
0.000000
0.010638
0.010730
0.000091
0.010728
0.000000
0.000181
0.000001
0.000000
0.000000
0.000000
0.000000
0.000000
0.000000
0.000000
0.000000
0.000000
0.000000
0.000000
0.000000
0.000000
0.000000
0.000000
0.000000
0.000000
0.000000
0.021368
0.000000
0.000000
0.000000
0.010910
0.000000
0.000000
0.000000
0.021549
0.000000
0.000000
0.000000
0.000001
0.000000
0.000000
0.000090
0.021368
0.000001
0.000180
0.000000
0.000000
0.000000
0.010819
0.000000
0.000000
0.010728
0.000090
0.000000
0.000000
0.000000
0.000000
0.010730
0.000000
0.000000
0.000000
0.000000
0.000000
0.000000
0.021458
0.000000
0.000001
0.000000
0.000000
0.000001
0.021459
0.032187
0.000270
0.032006
0.000001
0.010728
0.000000
0.000000
0.000091
0.000090
0.010729
0.000001
0.000000
0.000000
0.000000
0.000000
0.032007
0.010638
0.000000
0.010819
0.000091
0.010820
0.010641
0.000000
0.010729
0.010821
0.000090
0.000091
0.021368
0.000090
0.000092
0.021277
0.000000
0.042827
0.000000
0.000001
0.010639
0.000001
0.000000
0.011001
0.000000
0.000000
0.000000
0.000000
0.000000
0.000000
0.000000
0.032099
0.000000
0.000000
0.000181
0.000001
0.000090
0.000001
0.021367
0.021457
0.010639
0.000181
0.010729
0.010729
0.000000
0.000000
0.010729
0.000090
0.000001
