0.000000
0.000000
0.000000
0.000000
0.000000
0.000000
0.000000
0.000000
0.000000
0.000000
0.000000
0.000000
0.000000
0.000000
0.000000
0.000000
0.000000
0.000000
0.004264
0.000000
0.000000
0.000000
0.000000
0.000000
0.000000
0.000000
0.000000
0.000000
0.000000
0.000000
0.017094
0.000000
0.004292
0.025586
0.000000
0.000009
0.008529
0.000000
0.000018
0.017085
0.000000
0.000000
0.000018
0.000000
0.000000
0.000000
0.000000
0.000000
0.004282
0.000018
0.008556
0.000000
0.004264
0.004273
0.008574
0.000000
0.000009
0.000000
0.012820
0.000000
0.012820
0.004273
0.008529
0.038506
0.000000
0.000000
0.000000
0.000000
0.000000
0.000000
0.000000
0.008538
0.000000
0.000009
0.008538
0.000000
0.004292
0.000045
0.012793
0.004264
0.008556
0.012802
0.000009
0.000000
0.000000
0.008529
0.004273
0.004282
0.000000
0.008547
0.012793
0.004319
0.008529
0.000009
0.000000
0.008538
0.000000
0.000000
0.000000
0.000000
0.000000
0.000000
0.000000
0.008529
0.004264
0.000009
0.000000
0.017067
0.004264
0.000009
0.000000
0.004264
0.012793
0.008538
0.000009
0.017076
0.000000
0.000000
0.004273
0.000009
0.004264
0.000009
0.012866
0.004264
0.008538
0.000000
0.012811
0.004264
0.000000
0.000000
0.000000
0.000000
0.000000
0.000000
0.000000
0.000000
0.000000
0.000000
0.000000
0.000000
0.000000
0.000000
0.000000
0.000000
0.000000
0.000000
0.012838
0.000000
0.000009
0.000000
0.021331
0.000000
0.000000
0.000000
0.021358
0.000000
0.000000
0.000000
0.004264
0.000000
0.000000
0.004273
0.008556
0.008565
0.012802
0.000018
0.000000
0.000000
0.012811
0.004264
0.000000
0.004264
0.004264
0.000000
0.004264
0.000000
0.000000
0.021340
0.000000
0.000000
0.000018
0.000000
0.000000
0.000000
0.017067
0.000009
0.000009
0.000000
0.000000
0.004264
0.017085
0.025604
0.012793
0.004282
0.000009
0.008529
0.004264
0.000000
0.008538
0.004273
0.004292
0.008547
0.000009
0.000000
0.000000
0.000000
0.012838
0.000027
0.000009
0.012802
0.008529
0.021358
0.012811
0.000000
0.004282
0.017085
0.004264
0.004273
0.017103
0.012802
0.008556
0.000036
0.008529
0.021403
0.000000
0.000009
0.004282
0.000018
0.000000
0.021349
0.000018
0.000009
0.004282
0.000000
0.000000
0.000000
0.000000
0.012893
0.000000
0.000000
0.012829
0.000009
0.004273
0.004273
0.004301
0.017085
0.000009
0.008538
0.008529
0.008529
0.000000
0.000000
0.004273
0.004264
0.004282
