0.000000
0.000000
0.000000
0.000000
0.000000
0.000000
0.000000
0.000000
0.000000
0.000000
0.000000
0.000000
0.000000
0.000000
0.000000
0.000000
0.000000
0.000000
0.000000
0.000000
0.000000
0.000000
0.000000
0.000000
0.000000
0.000000
0.000000
0.000000
0.000000
0.000000
0.000188
0.000000
0.000190
0.000374
0.000000
0.000000
0.000372
0.000000
0.000000
0.000188
0.000000
0.000000
0.000000
0.000000
0.000000
0.000000
0.000000
0.000000
0.000000
0.000000
0.000188
0.000000
0.000000
0.000000
0.000190
0.000000
0.000000
0.000000
0.000006
0.000000
0.000190
0.000000
0.000000
0.000386
0.000000
0.000000
0.000000
0.000000
0.000000
0.000000
0.000000
0.000372
0.000000
0.000000
0.000000
0.000000
0.000006
0.000002
0.000188
0.000186
0.000376
0.000186
0.000002
0.000000
0.000000
0.000000
0.000002
0.000002
0.000000
0.000188
0.000186
0.000000
0.000186
0.000000
0.000000
0.000000
0.000000
0.000000
0.000000
0.000000
0.000000
0.000000
0.000000
0.000372
0.000188
0.000000
0.000000
0.000188
0.000186
0.000000
0.000000
0.000000
0.000002
0.000372
0.000002
0.000188
0.000000
0.000000
0.000000
0.000000
0.000000
0.000002
0.000188
0.000186
0.000002
0.000000
0.000186
0.000186
0.000000
0.000000
0.000000
0.000000
0.000000
0.000000
0.000000
0.000000
0.000000
0.000000
0.000000
0.000000
0.000000
0.000000
0.000000
0.000000
0.000000
0.000000
0.000190
0.000000
0.014706
0.000000
0.088610
0.000000
0.000000
0.000000
0.132729
0.000000
0.000000
0.000000
0.000186
0.000000
0.000000
0.000000
0.000376
0.000000
0.000000
0.000000
0.000000
0.000000
0.000188
0.000000
0.000000
0.000002
0.000000
0.000000
0.000000
0.000000
0.000000
0.000560
0.000000
0.000000
0.000000
0.000000
0.000000
0.000000
0.000376
0.000000
0.000000
0.000000
0.000000
0.000186
0.000190
0.000378
0.000000
0.000006
0.000000
0.029414
0.000000
0.000000
0.000186
0.000000
0.058826
0.059010
0.014706
0.000000
0.000000
0.000000
0.118025
0.044120
0.000000
0.000188
0.029598
0.044306
0.059198
0.000000
0.000188
0.000560
0.014706
0.029412
0.000190
0.044118
0.014892
0.000004
0.029412
0.161959
0.000000
0.000000
0.000002
0.000000
0.000000
0.000374
0.000000
0.000000
0.000000
0.000000
0.000000
0.000000
0.000000
0.000378
0.000000
0.000000
0.000000
0.000000
0.000000
0.000186
0.000004
0.000190
0.000002
0.000186
0.000188
0.014894
0.000000
0.000000
0.000188
0.000000
0.000000
