0.000000
0.000000
0.000000
0.000000
0.000000
0.000000
0.000000
0.000000
0.000000
0.000000
0.000000
0.000000
0.000000
0.000000
0.000000
0.000000
0.000000
0.000000
0.000001
0.000000
0.000000
0.000000
0.000000
0.000000
0.000000
0.000000
0.000000
0.000000
0.000000
0.000000
0.012795
0.000000
0.012929
0.025455
0.000000
0.000000
0.025319
0.000000
0.000000
0.012795
0.000000
0.000000
0.000000
0.000000
0.000000
0.000000
0.000000
0.000000
0.000000
0.000000
0.012793
0.000000
0.000000
0.000001
0.012928
0.000000
0.000000
0.000000
0.000405
0.000000
0.012931
0.000000
0.000002
0.026265
0.000000
0.000000
0.000000
0.000000
0.000000
0.000000
0.000000
0.025319
0.000000
0.000000
0.000000
0.000000
0.000404
0.000135
0.012795
0.012659
0.025586
0.012661
0.000135
0.000000
0.000000
0.000000
0.000136
0.000135
0.000000
0.012793
0.012662
0.000001
0.012658
0.000000
0.000000
0.000001
0.000000
0.000000
0.000000
0.000000
0.000000
0.000000
0.000000
0.025318
0.012794
0.000000
0.000000
0.012795
0.012658
0.000000
0.000000
0.000000
0.000137
0.025318
0.000135
0.012795
0.000000
0.000000
0.000001
0.000000
0.000000
0.000135
0.012794
0.012659
0.000136
0.000000
0.012661
0.012658
0.000000
0.000000
0.000000
0.000000
0.000000
0.000000
0.000000
0.000000
0.000000
0.000000
0.000000
0.000000
0.000000
0.000000
0.000000
0.000000
0.000000
0.000000
0.012929
0.000000
0.000000
0.000000
0.025455
0.000000
0.000000
0.000000
0.025589
0.000000
0.000000
0.000000
0.012658
0.000000
0.000000
0.000001
0.025587
0.000000
0.000002
0.000000
0.000000
0.000000
0.012795
0.000000
0.000000
0.000136
0.000001
0.000000
0.000000
0.000000
0.000000
0.038111
0.000000
0.000000
0.000000
0.000000
0.000000
0.000000
0.025588
0.000000
0.000000
0.000000
0.000000
0.012658
0.012930
0.025724
0.000003
0.000405
0.000000
0.000136
0.000000
0.000000
0.012659
0.000001
0.000136
0.012658
0.000000
0.000000
0.000000
0.000000
0.025722
0.000135
0.000000
0.012795
0.012659
0.012795
0.025451
0.000000
0.012794
0.038112
0.000001
0.000001
0.012929
0.000001
0.012659
0.000269
0.000000
0.013200
0.000000
0.000000
0.000135
0.000000
0.000000
0.025456
0.000000
0.000000
0.000000
0.000000
0.000000
0.000000
0.000000
0.025723
0.000000
0.000000
0.000002
0.000000
0.000001
0.012658
0.000270
0.012930
0.000135
0.012661
0.012794
0.012794
0.000000
0.000000
0.012794
0.000001
0.000000
