0.000000
0.000000
0.000000
0.000000
0.000000
0.000000
0.000000
0.000000
0.000000
0.000000
0.000000
0.000000
0.000000
0.000000
0.000000
0.000000
0.000000
0.000000
0.008475
0.000000
0.000000
0.000000
0.000000
0.000000
0.000000
0.000000
0.000000
0.000000
0.000000
0.000000
0.017166
0.000000
0.008583
0.025533
0.000000
0.000054
0.017058
0.000000
0.000054
0.017058
0.000000
0.000000
0.000000
0.000000
0.000000
0.000000
0.000000
0.000000
0.000054
0.000000
0.000054
0.000000
0.000000
0.008475
0.000162
0.000000
0.000054
0.000000
0.008475
0.000000
0.025586
0.000000
0.016950
0.042915
0.000000
0.000000
0.000000
0.000000
0.000000
0.000000
0.000000
0.017058
0.000000
0.000000
0.000000
0.000000
0.000000
0.000054
0.017004
0.008529
0.000216
0.017004
0.000000
0.000000
0.000000
0.000000
0.008475
0.000000
0.000000
0.000108
0.025478
0.008637
0.000054
0.000054
0.000000
0.008475
0.000000
0.000000
0.000000
0.000000
0.000000
0.000000
0.000000
0.008583
0.008529
0.000000
0.000000
0.017004
0.000054
0.000000
0.000000
0.000000
0.016950
0.008637
0.000054
0.017004
0.000000
0.000000
0.008529
0.000000
0.000000
0.000000
0.008583
0.008529
0.008475
0.000000
0.017004
0.000054
0.000000
0.000000
0.000000
0.000000
0.000000
0.000000
0.000000
0.000000
0.000000
0.000000
0.000000
0.000000
0.000000
0.000000
0.000000
0.000000
0.000000
0.000000
0.008637
0.000000
0.000000
0.000000
0.025533
0.000000
0.000000
0.000000
0.025641
0.000000
0.000000
0.000000
0.000054
0.000000
0.000000
0.008475
0.008637
0.000054
0.016950
0.000000
0.000000
0.000000
0.017004
0.000000
0.000000
0.008475
0.008475
0.000000
0.000000
0.000000
0.000000
0.008638
0.000000
0.000000
0.000000
0.000000
0.000000
0.000000
0.017058
0.000000
0.000054
0.000000
0.000000
0.000054
0.017166
0.025587
0.025424
0.008529
0.000054
0.008475
0.000000
0.000000
0.008583
0.008475
0.008529
0.000054
0.000000
0.000000
0.000000
0.000000
0.008637
0.000000
0.000000
0.017004
0.008529
0.017058
0.000217
0.000000
0.008529
0.017166
0.008475
0.008529
0.008637
0.008475
0.008637
0.000000
0.000000
0.025695
0.000000
0.000054
0.000108
0.000054
0.000000
0.034061
0.000000
0.000000
0.000000
0.000000
0.000000
0.000000
0.000000
0.017274
0.000000
0.000000
0.017004
0.000054
0.008475
0.000108
0.008529
0.017004
0.000054
0.017058
0.008529
0.008529
0.000000
0.000000
0.008529
0.008475
0.000054
