0.000000
0.000000
0.000000
0.000000
0.000000
0.000000
0.000000
0.000000
0.000000
0.000000
0.000000
0.000000
0.000000
0.000000
0.000000
0.000000
0.000000
0.000000
0.000000
0.000000
0.000000
0.000000
0.000000
0.000000
0.000000
0.000000
0.000000
0.000000
0.000000
0.000000
0.070262
0.000000
0.000009
0.000495
0.000000
0.000000
0.023265
0.000000
0.000009
0.000504
0.000000
0.000000
0.023256
0.000000
0.000000
0.000000
0.000000
0.000000
0.000000
0.000000
0.023256
0.000000
0.000000
0.000000
0.023274
0.000000
0.000000
0.000000
0.000495
0.000000
0.000999
0.000000
0.023256
0.071262
0.000000
0.000000
0.000000
0.000000
0.000000
0.000000
0.000000
0.000019
0.000000
0.000000
0.000000
0.000000
0.023751
0.000000
0.023751
0.000000
0.000513
0.023256
0.000000
0.000000
0.000000
0.000000
0.000495
0.000495
0.000000
0.000000
0.000000
0.000028
0.000009
0.000000
0.000000
0.000000
0.000000
0.000000
0.000000
0.000000
0.000000
0.000000
0.000000
0.000019
0.000495
0.000000
0.000000
0.000495
0.000000
0.000000
0.000000
0.000000
0.000495
0.000009
0.000009
0.023760
0.000000
0.000000
0.023265
0.000000
0.000000
0.000000
0.023751
0.000009
0.000000
0.000000
0.023256
0.000000
0.000000
0.000000
0.000000
0.000000
0.000000
0.000000
0.000000
0.000000
0.000000
0.000000
0.000000
0.000000
0.000000
0.000000
0.000000
0.000000
0.000000
0.000000
0.000495
0.000000
0.000000
0.000000
0.023256
0.000000
0.000000
0.000000
0.069777
0.000000
0.000000
0.000000
0.000000
0.000000
0.000000
0.000000
0.000009
0.000009
0.023256
0.000000
0.000000
0.000000
0.023760
0.000000
0.000000
0.000495
0.000000
0.000000
0.000000
0.000000
0.000000
0.000504
0.000000
0.000000
0.000000
0.000000
0.000000
0.000000
0.000999
0.000000
0.000000
0.000000
0.000000
0.000000
0.023751
0.023760
0.000000
0.023751
0.000000
0.000495
0.000000
0.000000
0.000000
0.000000
0.000495
0.000009
0.000000
0.000000
0.000000
0.000000
0.000513
0.000000
0.023256
0.000495
0.000000
0.047016
0.000513
0.000000
0.000504
0.000028
0.000000
0.000000
0.047025
0.000000
0.000009
0.000000
0.023256
0.024741
0.000000
0.000009
0.000000
0.023256
0.000000
0.000000
0.000000
0.000000
0.000000
0.000000
0.000000
0.000000
0.000000
0.047025
0.000000
0.000000
0.023256
0.000000
0.023256
0.023274
0.000495
0.000495
0.000009
0.023265
0.000504
0.023760
0.000000
0.000000
0.023265
0.000000
0.000000
