0.000000
0.000000
0.000000
0.000000
0.000000
0.000000
0.000000
0.000000
0.000000
0.000000
0.000000
0.000000
0.000000
0.000000
0.000000
0.000000
0.000000
0.000000
0.000000
0.000000
0.000000
0.000000
0.000000
0.000000
0.000000
0.000000
0.000000
0.000000
0.000000
0.000000
0.016952
0.000000
0.016952
0.033905
0.000000
0.000000
0.000006
0.000000
0.000000
0.016952
0.000000
0.000000
0.000000
0.000000
0.000000
0.000000
0.000000
0.000000
0.000000
0.000000
0.000003
0.000000
0.000000
0.000000
0.000003
0.000000
0.000000
0.000000
0.016949
0.000000
0.000003
0.000000
0.033898
0.050854
0.000000
0.000000
0.000000
0.000000
0.000000
0.000000
0.000000
0.016955
0.000000
0.000000
0.000000
0.000000
0.000000
0.000000
0.000003
0.016952
0.000006
0.016952
0.000000
0.000000
0.000000
0.000000
0.016949
0.000000
0.000000
0.000003
0.016952
0.016949
0.000003
0.000000
0.000000
0.016949
0.000000
0.000000
0.000000
0.000000
0.000000
0.000000
0.000000
0.016955
0.000003
0.000000
0.000000
0.016952
0.000003
0.000000
0.000000
0.000000
0.033898
0.016955
0.000000
0.016952
0.000000
0.000000
0.000000
0.000000
0.000000
0.000000
0.000003
0.000003
0.000000
0.000000
0.016952
0.000003
0.000000
0.000000
0.000000
0.000000
0.000000
0.000000
0.000000
0.000000
0.000000
0.000000
0.000000
0.000000
0.000000
0.000000
0.000000
0.000000
0.000000
0.000000
0.000003
0.000000
0.000249
0.000000
0.035400
0.000000
0.000000
0.000000
0.002250
0.000000
0.000000
0.000000
0.000003
0.000000
0.000000
0.000000
0.016956
0.000000
0.016949
0.000000
0.000000
0.000000
0.016952
0.000000
0.000000
0.016949
0.000000
0.000000
0.000000
0.000000
0.000000
0.016959
0.000000
0.000000
0.000000
0.000000
0.000000
0.000000
0.000006
0.000000
0.000000
0.000000
0.000000
0.000003
0.033902
0.016956
0.033898
0.000000
0.000000
0.000499
0.000000
0.000000
0.016952
0.000000
0.017946
0.001000
0.000249
0.000000
0.000000
0.000000
0.002000
0.000748
0.000000
0.016952
0.017451
0.017700
0.001003
0.000000
0.016952
0.016959
0.017198
0.017448
0.000003
0.000748
0.017202
0.000000
0.000499
0.036643
0.000000
0.000000
0.000000
0.000000
0.000000
0.050854
0.000000
0.000000
0.000000
0.000000
0.000000
0.000000
0.000000
0.016956
0.000000
0.000000
0.016949
0.000000
0.000000
0.000003
0.000000
0.033902
0.000000
0.016952
0.016952
0.017202
0.000000
0.000000
0.000003
0.000000
0.000000
