0.000000
0.000000
0.000000
0.000000
0.000000
0.000000
0.000000
0.000000
0.000000
0.000000
0.000000
0.000000
0.000000
0.000000
0.000000
0.000000
0.000000
0.000000
0.000000
0.000000
0.000000
0.000000
0.000000
0.000000
0.000000
0.000000
0.000000
0.000000
0.000000
0.000000
0.000320
0.000000
0.019188
0.000640
0.000000
0.000000
0.018868
0.000000
0.018868
0.019188
0.000000
0.000000
0.000000
0.000000
0.000000
0.000000
0.000000
0.000000
0.000000
0.000000
0.000000
0.000000
0.000000
0.000000
0.037736
0.000000
0.000000
0.000000
0.000320
0.000000
0.018868
0.000000
0.000640
0.019827
0.000000
0.000000
0.000000
0.000000
0.000000
0.000000
0.000000
0.038056
0.000000
0.000000
0.000000
0.000000
0.000000
0.000000
0.000000
0.000320
0.037736
0.000320
0.000000
0.000000
0.000000
0.000000
0.000320
0.000000
0.000000
0.000000
0.000320
0.056924
0.018868
0.000000
0.000000
0.000320
0.000000
0.000000
0.000000
0.000000
0.000000
0.000000
0.000000
0.038056
0.000000
0.000000
0.000000
0.000320
0.000000
0.000000
0.000000
0.000000
0.000640
0.019188
0.018868
0.019188
0.000000
0.000000
0.018868
0.000000
0.000000
0.000000
0.000000
0.018868
0.000000
0.000000
0.000320
0.000000
0.000000
0.000000
0.000000
0.000000
0.000000
0.000000
0.000000
0.000000
0.000000
0.000000
0.000000
0.000000
0.000000
0.000000
0.000000
0.000000
0.000000
0.000000
0.000000
0.000000
0.000005
0.000000
0.000668
0.000000
0.000000
0.000000
0.018910
0.000000
0.000000
0.000000
0.000000
0.000000
0.000000
0.000000
0.019188
0.018868
0.000320
0.000000
0.000000
0.000000
0.019188
0.000000
0.000000
0.000320
0.000000
0.000000
0.000000
0.000000
0.000000
0.019188
0.000000
0.000000
0.000000
0.000000
0.000000
0.000000
0.018868
0.000000
0.000000
0.000000
0.000000
0.000000
0.000640
0.019188
0.000640
0.000000
0.000000
0.000009
0.000000
0.000000
0.000320
0.000000
0.000339
0.018887
0.000005
0.000000
0.000000
0.000000
0.037774
0.000014
0.000000
0.000320
0.000329
0.019202
0.037755
0.000000
0.019188
0.056924
0.000324
0.000329
0.037736
0.000014
0.019192
0.000000
0.000009
0.000691
0.000000
0.018868
0.000000
0.000000
0.000000
0.000960
0.000000
0.000000
0.000000
0.000000
0.000000
0.000000
0.000000
0.038056
0.000000
0.000000
0.000320
0.000000
0.000000
0.037736
0.000000
0.000640
0.018868
0.019188
0.019188
0.019192
0.000000
0.000000
0.018868
0.000000
0.000000
