0.000000
0.000000
0.000000
0.000000
0.000000
0.000000
0.000000
0.000000
0.000000
0.000000
0.000000
0.000000
0.000000
0.000000
0.000000
0.000000
0.000000
0.000000
0.002128
0.000000
0.000000
0.000000
0.000000
0.000000
0.000000
0.000000
0.000000
0.000000
0.000000
0.000000
0.017021
0.000000
0.008511
0.012766
0.000000
0.002128
0.004255
0.000000
0.004255
0.014894
0.000000
0.000000
0.004255
0.000000
0.000000
0.000000
0.000000
0.000000
0.006383
0.004255
0.010638
0.000000
0.002128
0.004255
0.014894
0.000000
0.002128
0.000000
0.012766
0.000000
0.012766
0.004255
0.004255
0.048936
0.000000
0.000000
0.000000
0.000000
0.000000
0.000000
0.000000
0.006383
0.000000
0.002128
0.006383
0.000000
0.008511
0.010638
0.006383
0.002128
0.010638
0.008511
0.002128
0.000000
0.000000
0.004255
0.004255
0.006383
0.000000
0.008511
0.006383
0.014894
0.004255
0.002128
0.000000
0.006383
0.000000
0.000000
0.000000
0.000000
0.000000
0.000000
0.000000
0.004255
0.002128
0.002128
0.000000
0.010638
0.002128
0.002128
0.000000
0.002128
0.006383
0.006383
0.002128
0.012766
0.000000
0.000000
0.004255
0.002128
0.002128
0.002128
0.023404
0.002128
0.006383
0.000000
0.010638
0.002128
0.000000
0.000000
0.000000
0.000000
0.000000
0.000000
0.000000
0.000000
0.000000
0.000000
0.000000
0.000000
0.000000
0.000000
0.000000
0.000000
0.000000
0.000000
0.017021
0.000000
0.002128
0.000000
0.012766
0.000000
0.000000
0.000000
0.019149
0.000000
0.000000
0.000000
0.002128
0.000000
0.000000
0.004255
0.010638
0.012766
0.008511
0.004255
0.000000
0.000000
0.010638
0.002128
0.000000
0.002128
0.002128
0.000000
0.002128
0.000000
0.000000
0.014894
0.000000
0.000000
0.004255
0.000000
0.000000
0.000000
0.010638
0.002128
0.002128
0.000000
0.000000
0.002128
0.014894
0.017021
0.006383
0.006383
0.002128
0.004255
0.002128
0.000000
0.006383
0.004255
0.008511
0.008511
0.002128
0.000000
0.000000
0.000000
0.017021
0.006383
0.002128
0.008511
0.004255
0.019149
0.010638
0.000000
0.006383
0.014894
0.002128
0.004255
0.019149
0.008511
0.010638
0.008511
0.004255
0.029787
0.000000
0.002128
0.006383
0.004255
0.000000
0.017021
0.004255
0.002128
0.006383
0.000000
0.000000
0.000000
0.000000
0.029787
0.000000
0.000000
0.014894
0.002128
0.004255
0.004255
0.010638
0.014894
0.002128
0.006383
0.004255
0.004255
0.000000
0.000000
0.004255
0.002128
0.006383
